100000000 100 2124243359 545155713 1200316010 1000000007
988960157
871470489
100497765
154390043
897007820
602534391
168313423
420863375
518101888
333717508
114711763
295911829
471352445
355946860
9268258
111864724
435336028
191882479
70255277
181165682
503660276
327184502
226950830
645111849
989536562
144702982
103855652
70463388
19442164
256111899
469301008
185787162
972121591
936744552
925444797
840646635
95614672
38383790
944078932
247197158
859878809
98868003
375375784
877900281
350565609
741387039
7165454
416694455
680630395
233507686
625542983
715420442
141770909
949762400
147182504
779326639
277944238
295925144
87191267
613071433
233826776
719357467
91159987
392362286
861191091
642845613
437523373
320134485
503531024
13865964
829740717
334195389
737765093
543606585
596110585
597942622
23673399
381008508
96009520
82327662
446305940
540226725
77644759
983476390
42087559
8236817
106372042
246844055
387805768
445554338
929453560
734524510
38846467
589490804
771518486
190373478
23778511
867943313
594684861
294396444
