100000000 100 289010760 2037472699 2142059105 1000000007
633916529
45710866
686948299
835684590
110483769
979825844
653338191
524223588
35365353
186282868
404910543
678550324
743675053
197532764
949277619
300059434
717245352
348157030
358693311
501720203
281110369
127523198
553307062
814001435
24788563
939796600
665625682
818951889
3513721
44078566
90399512
124784354
870189971
178578883
686901851
978658743
72283794
665022102
314640561
586352199
77450029
654883072
643557143
548472343
329734726
540832949
615854973
203107809
332702324
926713680
409426215
662486116
686657707
555368910
782131307
118548701
650128291
658174992
677063075
873731111
195955841
156893631
108681613
628902041
169803352
782580281
645192585
952647494
939981660
229527668
945764547
568264857
38478721
328188641
19800933
785940681
254754585
402269409
825168886
922164554
474764433
498914755
279033098
570793192
299977346
911282596
449208623
719494429
26536815
549637121
439035640
993068729
481859344
179778694
822035426
464014954
139364642
855399016
170231155
39438183
