100000000 100 2029620824 1236877444 1266763042 1000000007
141443512
40850407
8554864
160378895
429484844
424414180
521155325
693067594
207421140
29801663
669867623
519137840
380869765
626177115
132693301
567605171
14597544
731542345
830681164
844556943
670776670
305828910
95505146
986389496
810565159
440750831
226662041
104029743
766479135
228694411
55140091
424672081
249618082
755024520
642007855
686823663
247830638
757824509
848347229
794210500
311578709
47671349
300680657
334833681
4130586
49346
693514652
220067731
624055543
230002792
655239317
153056145
321986744
530000754
31593920
56796728
402616822
694169093
246719499
353749330
908191114
899206409
513242599
849355264
843141719
668957071
520616690
250579586
28036176
975101947
486877555
918313374
281833689
953080824
202221691
974023207
31250411
756638402
86019856
885524370
667527232
620368836
221003733
802974438
977477853
97573030
873791222
268576708
321001803
232036549
427616607
214028857
314989691
913932525
451704943
9614840
271251429
185448464
729910706
53901294
