100000000 100 835978876 879551937 2079360414 1000000007
493067526
138056126
923465446
860664831
707456571
126706678
640485086
208722568
806116140
803130617
955337097
48243625
605743100
816029154
832419339
742210668
285769660
230208534
94905519
520075723
134753091
341466253
266126723
431781850
467327949
350553011
54897091
922135822
844766428
387045528
714214928
226853072
421138569
676677251
259316424
954345285
832735373
456234837
311380778
396108228
480810095
104123628
146990984
84243856
696778945
494278851
725808611
914213854
898326308
263132835
605428944
654525606
905280261
178139107
913455397
800044620
849294367
131354262
129855704
778644487
996063526
585881855
894768551
143496645
230516401
173042777
526751180
342466637
947603431
769992457
178031935
837109586
389503525
529830341
106105722
413179199
469510007
405482720
967574790
172874843
86565490
849272049
466437506
372414387
399510850
55209790
169753541
754927071
973021918
294039301
450371527
544298291
880789262
723362414
22012532
556632438
916095274
800699182
447521546
65046049
