100000000 100 1761535363 468673952 1928106411 1000000007
958665828
823245758
788957242
210696848
928382952
543749099
735100079
357405179
169421504
83253659
258229686
217635823
956304810
825385956
490661493
769410518
19910680
227747326
860288596
27801557
782167880
94485440
555323349
213291622
921115588
181765503
396477170
395185788
7781571
124920412
881458958
567622005
720557349
724694010
113339519
143264190
43301312
666805538
920299534
279442226
390060468
241746498
106798853
984119980
355715871
147031918
1068827
88506406
497380125
500222421
424909971
731284284
570768142
592736321
333264145
557105562
143092396
629059980
805220355
678634956
182904506
826629503
440063257
514771453
590797843
714610637
433433898
48395487
342977207
94953918
132987603
327338237
891739130
769254972
49862478
471996661
846491153
968885642
40056842
920391152
271042814
455124289
781041417
272142585
265480389
284760062
255921591
748803431
349578209
663254944
145423464
498757034
707937711
616290160
493996139
97394704
32654300
110559439
834324614
334060179
