10 100 11 3 2 257 31 93 100 3
95
18
0 1
0 2
0 3
1 2
3 4
3 6
4 5
6 7
3 9
2 8
4 6
4 1 94 36 98 86 31 0 4 21 59 91 88 15 99 47 83 53 85 30 45 48 10 61 12 9 73 78 89 6 62 46 80 39 97 43 60 18 35 71 57 33 64 13 19 69 20 66 96 26 87 7 70 11 34 16 28 90 79 56 50 67 77 24 52 68 22 51 32 29 3 42 84 2 25 44 23 41 5 49 40 95 75 54 76 74 14 55 37 27 72 8 17 38 63 81 92 82 1 93 65 58
0 5 12 8 18 70 91 84 32 26 49 61 96 52 7 62 10 41 44 58 34 22 69 90 36 27 87 65 39 97 28 45 5 92 40 67 99 59 66 86 0 2 81 89 63 13 35 24 37 80 78 74 82 77 57 68 73 51 43 72 42 88 21 17 56 79 83 71 64 46 29 15 16 11 38 50 95 9 4 60 31 33 47 55 76 3 25 14 6 19 85 94 1 93 98 20 53 48 75 54 30 23
3 2 25 70 45 66 69 61 3 31 54 96 30 34 28 77 5 90 60 4 93 65 91 29 1 2 78 63 15 21 10 42 8 12 71 14 92 74 11 39 18 26 58 38 80 44 85 20 99 51 56 43 49 83 33 7 24 73 41 68 40 76 23 97 53 46 17 67 86 59 47 87 36 64 55 48 16 82 19 94 13 88 79 62 81 22 84 6 95 27 72 9 75 32 98 0 37 57 52 35 50 89
